Graph statistics:

Total nodes: 4611170
Total edges: 8514389

User nodes: 13091
User edges: 14848
Avg. user in-degree: 1.1342
Avg. user out-degree: 1.1342

User in-degrees (top 100): [(91478624, 600), (394590995, 455), (14216123, 392), (19546277, 301), (114782468, 286), (15281391, 265), (15754281, 255), (16732770, 252), (70872349, 202), (106498703, 196), (475524030, 187), (1469603575, 185), (84169171, 172), (2334614718, 170), (14292717, 161), (102094857, 159), (21328656, 159), (7517052, 156), (700784500658208768, 139), (110302086, 136), (259395895, 127), (104952689, 124), (15246621, 119), (15079601, 116), (197869772, 114), (201891203, 109), (239527850, 109), (100024370, 108), (42589787, 108), (18719020, 107), (108021761, 106), (349249475, 103), (121158213, 101), (3043828834, 100), (112872946, 100), (14031032, 93), (16031927, 92), (19717430, 91), (805230144, 90), (2992367496, 90), (843706801, 88), (28162128, 83), (3426014292, 83), (60622883, 78), (19380829, 78), (2806294664, 77), (859484337850523648, 67), (2631709828, 63), (2837841, 62), (236026761, 60), (378334234, 57), (18300968, 56), (273984441, 54), (243801041, 53), (1935354607, 53), (18944615, 52), (1069486704, 50), (7836182, 48), (45175974, 48), (1040640698, 48), (477365128, 47), (202375506, 46), (314005753, 42), (23193379, 40), (402876893, 39), (209907837, 39), (210862918, 38), (2796938558, 38), (4859660471, 37), (844185847540912129, 36), (1832181, 36), (24941044, 35), (1310763212, 35), (66172538, 34), (11435642, 34), (849319340818169856, 33), (27101698, 33), (1080306914, 33), (563084750, 33), (2926129144, 32), (2982013384, 32), (3387457954, 31), (795408560, 31), (31064165, 30), (448894687, 30), (842833790594703360, 30), (113390942, 30), (39462935, 29), (82143051, 29), (14888467, 28), (287885364, 27), (2319600132, 27), (761884866, 27), (28489821, 26), (24928809, 26), (418, 24), (19600070, 24), (2927467161, 24), (30581721, 24), (1231406720, 24)]
User out-degrees (top 100): [(121158213, 282), (805230144, 104), (287885364, 98), (1281496315, 90), (829426261906882562, 89), (273984441, 87), (110302086, 81), (4443920183, 81), (4363008376, 74), (3187579221, 73), (3387457954, 69), (828932299567878145, 68), (2544098874, 67), (3631154415, 66), (834705564340994048, 66), (14902429, 66), (544484168, 63), (104952689, 63), (831987667730587652, 61), (22187319, 59), (832162469363716096, 57), (3043828834, 56), (2908348016, 56), (501848788, 55), (828837429759057921, 55), (829442721488134144, 51), (2988742673, 51), (1019032993, 50), (242980801, 47), (4331622095, 47), (773748919272611840, 47), (2380959451, 46), (475524030, 45), (3474290248, 45), (1935354607, 44), (861683991304450048, 44), (61560150, 44), (2309251352, 44), (849319340818169856, 43), (25859277, 43), (3355229608, 43), (14153106, 43), (349249475, 41), (16711035, 41), (1080306914, 40), (2432456940, 40), (14031032, 39), (4083781, 39), (404853456, 38), (171164646, 38), (793728973, 38), (435022931, 38), (811021515323895812, 37), (1469603575, 37), (126836974, 37), (3490311803, 37), (512525774, 36), (2598246906, 36), (302427757, 36), (28481618, 35), (34413897, 35), (3152176285, 35), (3279352714, 35), (3460239046, 34), (1310763212, 34), (66172538, 34), (17324802, 34), (23193379, 34), (402876893, 34), (114782468, 34), (153133550, 33), (2896352524, 33), (314005753, 33), (333573022, 33), (795408560, 33), (157613995, 33), (109821087, 32), (108021761, 32), (834721305547112449, 32), (29157032, 32), (1924167116, 32), (975116011, 31), (4560079812, 31), (197485346, 31), (2334614718, 31), (364701860, 31), (868379449, 31), (19098652, 31), (60622883, 30), (2564214856, 30), (202375506, 29), (842833790594703360, 29), (69476342, 29), (826120750667014144, 29), (3248139409, 29), (2906862160, 29), (128369982, 29), (171952934, 29), (16732770, 29), (3099689685, 28)]


Number of humans: 6082
Number of bots: 7009

Humans median status count: 3020.5
Bots median status count: 2251
Humans median fav count: 1526.5
Bots median fav count: 1740

Median human in-degree centrality: 3.59995480538666e-05
Median bot in-degree centrality: 3.903565451624089e-06
Median human out-degree centrality: 4.380667895711478e-05
Median bot in-degree centrality: 5.2047539354987855e-06
Median human eigenvector centrality: 3.587979258306514e-05
Median bot eigenvector centrality: 3.7043571880599646e-06

Median mean neighbor in-degree of successors human 24.006922827996426
Median mean neighbor out-degree of successors human 0.8903955830603083
Median mean neighbor in-degree of predecessors human 1.2175176137453212
Median mean neighbor out-degree of successors human 3.1287564719105267
Median mean neighbor in-degree of successors bots 11
Median mean neighbor out-degree of successors bots 0.2222222222222222
Median mean neighbor in-degree of predecessors bots 0.75
Median mean neighbor out-degree of successors bots 7.086956521739131